-1.060
-0.242
-3.419
-0.035
-0.037
-0.302
-0.423
-3.514
-3.372
-2.160
-0.543
-0.953
-3.167
0.013
-0.031
-2.970
-0.745
-0.155
4.316
-2.681
-3.162
-0.881
-0.065
-0.853
-0.297
5.803
-0.584
-2.769
-3.613
-0.304
-0.994
-1.824
4.949
1.986
-1.082
-1.369
0.539
4.938
1.219
0.268
-4.822
-3.200
-3.967
-0.877
-0.555
-0.821
-1.558
1.766
-0.423
-6.799
4.222
-1.032
0.130
-2.409
2.890
3.791
0.297
-2.356
2.521
-0.707
-1.278
-3.264
-1.913
-1.045
-0.894
-3.382
-0.634
-2.406
-6.328
-2.128
-0.688
-5.313
-0.093
-0.224
-5.715
0.140
-1.254
-0.149
-1.534
1.898
-1.233
-0.707
0.131
-3.926
-1.737
0.091
-0.974
-2.935
3.464
9.024
-0.064
-0.314
3.823
-0.462
-0.832
-5.164
-0.313
-1.890
-0.724
0.545
-0.772
2.885
0.412
1.208
11.776
-0.326
-7.171
-0.843
-0.482
0.198
4.861
-0.974
-0.464
-5.728
-1.025
-2.669
-0.486
-5.213
0.189
-5.546
-0.903
-1.332
-2.814
-0.873
-0.319
-1.520
0.476
-2.793
-1.659
2.404
-0.402
0.544
-0.260
-0.850
5.079
-2.185
8.557
-1.232
-1.438
-0.035
-9.020
-1.372
-0.412
3.262
-1.460
-2.427
-0.202
1.109
4.790
0.871
-0.795
-1.075
2.521
-0.802
-0.163
0.665
-0.996
-1.526
1.225
-3.778
-0.925
3.457
-1.082
-0.481
-2.911
-0.953
4.030
-0.942
-0.667
4.491
0.749
-0.734
-0.452
-0.603
-0.063
-5.026
-0.277
-4.721
-4.031
-0.933
-0.046
-0.802
-4.095
-1.924
-0.955
-0.971
-1.015
2.927
0.754
-1.521
5.191
-0.846
-2.061
-0.613
-1.018
-1.415
-5.858
3.038
-2.344
-3.211
-4.134
-0.778
-0.646
2.890
-2.457
0.063
-0.373
-1.009
0.366
-2.097
-0.374
-0.529
0.855
-0.306
-0.167
6.940
1.057
-1.473
-2.381
-9.929
-0.557
6.039
-3.762
-0.219
-3.201
-0.818
-4.866
-2.046
-1.210
3.524
-0.849
-1.245
-0.333
-2.452
-0.343
-3.630
-0.542
-0.334
2.615
-0.514
-0.189
-0.669
0.830
-0.289
-0.585
6.861
-0.143
-0.970
-2.630
-0.202
-0.243
-3.309
-1.480
-0.789
-7.620
-0.005
-4.005
-0.757
-0.574
-3.488
-1.659
-0.446
-0.639
-4.402
-0.798
-0.858
-0.228
3.061
-3.257
-4.876
