-2.724
2.097
-1.539
-0.810
-2.033
-0.780
-5.978
-1.495
-1.267
-8.724
1.235
-5.612
-0.028
-0.459
4.263
-7.229
-1.106
-1.537
-3.242
-0.726
-0.494
-0.787
-1.235
-0.265
2.278
-1.238
-1.257
8.528
0.150
-1.135
-0.835
-0.218
2.154
-1.210
3.836
-0.880
0.721
-0.067
-0.752
12.732
1.570
8.323
-0.958
1.646
4.754
-7.296
-1.145
-0.787
2.675
-0.998
-0.505
-8.034
-0.451
0.715
0.950
2.962
-1.577
-3.264
0.082
0.013
-0.234
5.230
2.777
-0.761
0.189
0.024
-4.579
-2.191
-0.488
-9.840
-5.622
6.673
-1.699
-0.937
-2.004
5.326
-1.562
-1.171
-9.708
-0.491
-2.778
6.782
-0.956
-0.895
9.513
-7.349
-9.097
2.071
-0.132
-2.925
-0.585
-2.880
-8.887
-1.989
-2.014
-1.036
-1.451
-0.783
-0.502
-6.036
-6.469
-3.154
-0.945
0.195
-2.748
-13.417
-1.123
-0.048
1.783
-0.367
-0.462
-0.743
0.058
-0.229
-2.515
8.118
6.341
-3.962
-0.755
1.635
-0.112
3.096
2.533
-2.467
-2.423
-0.461
-5.287
0.929
0.301
-11.114
-8.537
-1.494
3.120
-1.365
3.249
-6.386
-0.607
-0.825
11.113
-1.299
2.999
-2.165
0.101
0.005
2.184
8.960
-11.105
-14.354
-1.316
-1.945
-0.557
6.371
0.007
-0.960
-1.544
-0.713
0.119
-0.845
-0.755
-4.444
-5.886
-1.112
-2.171
-0.878
-12.456
5.799
12.260
-0.505
-2.340
-0.200
-1.795
-2.802
-1.348
-0.489
-6.448
6.192
0.684
-5.857
-1.401
-1.858
-0.935
-2.856
-7.187
-1.508
-2.644
-0.509
-0.179
-0.787
0.158
6.109
0.750
-4.548
-0.799
-1.774
-5.118
-10.832
-0.395
-0.707
2.553
-0.187
-1.141
1.229
-0.881
-0.413
4.094
-3.242
-0.677
6.653
-0.327
-0.452
-0.504
-6.283
12.204
-0.886
-3.843
-0.007
14.280
-0.547
-0.871
-12.099
-2.096
-4.723
-0.974
-0.595
-5.579
-10.130
-5.210
-0.111
-9.422
-0.191
-1.040
-11.150
-0.880
-0.406
-12.978
2.285
1.063
3.118
-1.220
-1.803
-0.385
-2.838
-3.932
-2.690
-1.253
-1.176
-8.917
-0.835
-1.321
8.321
-1.438
-0.712
-1.093
-0.741
-7.031
12.711
-6.774
0.090
7.065
-0.834
-0.410
-5.677
-0.417
-1.282
-2.543
-5.862
12.143
7.525
-0.116
-1.429
