-2.378
-0.026
-0.227
0.229
-0.501
-0.170
3.753
-2.608
-0.303
1.374
-0.290
-0.026
-3.037
0.913
-0.601
-0.697
-0.614
-3.933
-0.520
-0.045
4.212
-0.833
-1.179
4.434
2.450
-0.142
0.147
-0.010
0.875
-0.038
-3.734
-3.065
0.589
-0.054
4.463
-0.548
-4.474
-5.524
-1.630
-3.754
-0.465
0.039
5.543
1.064
0.009
3.542
-0.708
-3.515
0.469
1.788
-0.095
-1.289
0.280
-5.464
1.110
-3.809
2.503
-1.343
1.950
-4.544
0.069
-2.795
-0.757
-0.104
-0.791
-1.403
-3.885
3.551
-3.461
-0.338
-1.974
0.053
-0.044
-1.203
-0.204
-0.642
-1.204
6.862
-0.210
-7.392
-0.415
-0.735
-0.551
-0.918
-6.412
1.701
5.815
-4.750
-0.255
-1.204
8.996
-3.509
-0.068
-0.070
-1.209
-1.329
4.413
-0.295
3.000
0.216
-0.100
-5.708
0.640
-0.573
0.182
-2.317
-1.905
-4.944
-1.048
-2.733
-4.217
-0.287
-0.072
1.126
-2.971
-4.961
-1.958
-3.034
-2.506
-6.057
3.418
-6.243
-0.749
-0.058
-1.971
0.997
-1.465
6.079
-2.487
4.226
-1.045
-3.592
0.421
-4.581
-0.704
-0.580
3.251
-4.161
-0.136
2.011
3.944
-3.574
-0.037
0.384
-3.337
-9.471
-3.590
-2.352
-6.234
-4.622
2.559
5.339
-0.738
2.951
-1.075
1.370
-2.288
0.119
0.360
-5.863
-0.596
-2.931
0.024
-1.614
-0.104
-0.753
-0.423
-2.987
-0.032
-1.085
-0.496
3.363
-0.220
-3.430
-2.971
0.854
-5.199
-4.278
-2.886
-3.862
-3.306
-2.442
-0.094
-2.213
-0.556
-2.049
-0.877
-3.155
1.573
3.784
0.131
-0.390
-4.692
-0.029
-0.712
-0.507
-1.045
3.619
-0.368
-2.527
1.176
0.443
0.312
-5.658
3.320
3.847
-2.913
-3.991
0.449
1.373
0.837
-2.296
-0.393
-0.079
-2.281
1.285
-2.707
1.443
-0.524
-4.817
-1.204
-3.638
0.017
3.586
0.298
0.329
-2.967
-8.297
-1.094
2.816
0.344
-1.237
0.033
-0.436
-1.557
-0.468
-4.754
-8.652
-3.738
1.641
-1.155
2.686
-1.014
-4.917
-1.882
1.554
0.860
-7.544
-3.921
-1.352
0.102
-0.819
-1.530
3.056
-0.190
-0.931
-1.407
-3.789
0.331
4.637
0.468
-0.825
0.032
-2.960
-5.596
2.885
-3.700
-3.908
-2.917
-7.289
