0.147
-4.268
-0.315
-2.333
0.463
-1.187
-0.858
5.535
-4.373
1.410
-0.342
-0.784
0.862
0.389
0.693
0.480
-0.394
0.537
-0.036
0.224
-1.398
7.177
3.121
-7.169
-0.729
-2.803
-0.524
6.250
-0.718
-4.007
-0.213
6.758
-4.191
3.945
2.847
-5.485
-0.469
-0.406
0.972
-0.608
-1.905
2.596
0.549
-3.692
5.749
-1.672
3.496
-1.004
-1.146
-0.275
-1.009
-6.930
-7.354
-3.700
-0.857
-8.475
-1.124
-5.462
-0.008
-6.054
1.923
0.036
6.645
7.245
2.613
-6.272
5.845
-9.463
0.568
1.625
-4.713
-0.010
-5.441
-6.920
3.415
2.499
-4.356
2.040
-0.313
-0.092
-3.795
6.420
3.145
-0.753
-0.014
6.929
-5.632
-10.304
0.121
2.433
-0.861
5.020
-3.283
0.386
1.533
1.397
-0.232
-7.264
4.165
1.108
-0.094
-1.181
-0.440
-1.758
0.693
0.296
-5.569
-0.361
0.420
-1.319
-1.674
-5.767
2.519
8.894
0.660
-4.529
-1.883
8.677
0.064
-6.332
-1.042
-3.306
2.443
-6.439
8.785
-5.624
-6.528
-0.706
3.667
-6.183
5.749
10.738
0.063
-2.036
-3.800
2.626
-5.717
3.235
-0.553
-0.396
-1.307
-2.687
-3.494
-4.891
0.090
2.427
-1.758
3.564
-0.674
1.422
-3.203
2.666
3.904
-0.724
-5.886
-2.060
6.216
-1.982
-2.135
4.789
-2.491
-2.067
-0.395
0.056
-6.740
-4.146
-1.603
-3.055
0.518
0.238
1.303
-5.538
-0.114
-1.796
-0.734
5.629
6.626
-6.911
-0.440
-3.394
-1.943
-4.033
2.293
-4.116
-1.079
-1.566
-0.249
2.322
-0.632
-1.902
3.253
-1.223
-1.906
3.414
-6.634
1.951
-0.850
0.565
-0.910
-0.002
-1.037
8.283
-8.178
3.293
0.107
-3.554
-1.708
-5.219
-0.579
-4.884
-0.547
-2.764
6.113
-7.491
-5.610
5.190
-2.919
-1.027
-5.139
-6.367
5.509
5.060
0.557
11.370
6.342
-1.190
3.863
-3.103
-1.010
-0.186
-3.156
-5.626
8.701
-5.019
-0.744
8.894
-4.797
-1.818
-0.670
-3.737
-0.101
-1.641
-0.565
-2.596
-1.601
1.810
1.690
2.343
0.238
0.029
-2.177
0.875
-0.740
-3.764
-0.368
-0.931
0.506
1.545
-0.123
-0.070
0.569
-5.888
3.341
-3.727
-0.392
-10.899
1.356
6.201
-0.902
8.430
