-0.357
-0.142
-0.937
3.149
-0.855
3.939
-0.466
3.682
-0.532
0.039
-0.683
-0.815
-0.250
-0.869
1.299
-0.505
-6.156
-2.120
-1.583
-5.578
-0.258
-1.207
-1.573
-6.424
0.070
0.097
-0.025
-0.698
-6.586
-1.656
-0.306
0.424
-1.326
-3.558
-1.132
-5.263
-0.167
0.615
-0.356
1.721
-0.807
1.741
-4.337
-2.803
-8.242
-0.054
-2.361
-0.239
-2.101
5.726
-0.585
-3.347
-2.239
-6.670
-0.035
-2.469
4.723
-1.487
3.065
1.286
-0.606
-0.506
-0.872
-0.223
-0.465
-3.986
0.185
-1.631
0.641
5.795
-0.894
-0.811
-0.044
-1.886
4.932
-0.159
-4.655
6.323
-3.147
0.274
-1.547
-2.117
-0.672
4.006
-3.752
-2.713
-5.580
-0.238
-3.466
-1.892
-0.881
-0.496
-0.289
-2.035
-0.411
0.733
0.206
-6.956
0.215
-7.528
-0.405
-1.381
1.971
10.669
5.894
-0.724
3.048
-4.172
-3.217
-1.759
-1.022
-3.841
2.397
4.456
5.304
0.600
2.197
-1.046
7.867
-1.871
-0.806
0.416
-0.607
3.122
-0.389
-4.673
-0.608
0.100
0.338
0.882
7.589
-1.541
-0.506
1.008
0.214
0.179
2.735
-0.044
-1.419
-0.286
-1.508
-3.650
0.624
0.366
-2.187
-3.570
0.991
-1.658
-7.566
2.711
-0.369
-0.948
-1.011
-3.530
-0.299
3.341
-1.099
-0.123
-1.096
-3.091
-2.358
-1.437
-4.869
-3.624
-5.160
-0.132
7.856
-3.654
2.796
1.855
-1.089
-7.898
0.668
-3.146
-1.855
-3.174
3.782
-1.000
-8.176
-3.765
0.212
-0.687
-0.148
-0.301
-0.701
4.097
-0.928
0.913
-0.268
2.764
-0.852
-2.680
-5.569
1.994
2.320
-0.880
-1.206
-0.601
-1.073
-5.836
-3.087
-0.822
-4.605
-2.573
-2.721
-2.837
-0.456
-0.688
6.688
-0.510
-0.607
-0.186
-0.098
3.388
0.296
-4.269
0.419
-0.307
-0.502
-4.653
-2.078
-1.401
-2.823
-4.828
-5.894
-0.279
1.420
0.038
-0.484
0.172
-0.381
7.445
1.358
-0.023
-2.692
-0.950
1.653
-0.645
4.170
-5.413
-0.805
-0.970
-0.012
2.435
-1.229
-0.069
-0.480
-1.591
-0.658
-1.390
-5.965
-2.401
-3.816
-3.030
-5.162
-0.472
0.665
-3.805
-2.319
-1.100
-1.193
-4.223
3.111
3.568
-3.661
-1.664
-3.917
-0.644
5.204
4.662
