0.126
-0.483
-3.426
-0.454
-1.825
-4.915
2.682
3.568
-0.828
0.168
-1.048
-0.614
-0.700
-0.394
-0.557
0.934
-0.077
1.654
-2.911
-3.703
-1.112
-2.017
-0.721
-3.795
-0.109
0.274
-0.598
0.117
-1.329
-1.219
-1.311
-1.049
-8.537
0.081
-1.327
-5.813
-5.578
4.673
-0.322
0.477
-0.158
0.485
-0.383
-0.953
-1.105
-0.373
-1.217
1.073
8.044
-4.030
-0.992
-1.031
-0.465
-4.624
-0.552
-0.180
-1.193
-0.107
-2.080
-0.282
-0.509
-0.989
-1.413
0.787
-1.234
-2.618
8.612
4.393
-0.167
-0.990
-0.609
-0.038
-0.009
-0.451
-0.048
-0.698
0.006
0.746
6.527
-2.322
-1.037
-1.053
-0.014
-5.639
-0.024
-0.880
-1.257
-7.088
-8.800
-0.288
-0.513
-1.157
-5.697
-0.515
-1.659
-5.506
7.613
-3.875
-0.800
-0.376
-0.649
-1.037
-1.417
0.107
-0.183
-0.749
-0.755
0.165
-3.717
4.397
-1.266
-1.327
-1.364
0.099
0.349
0.007
-1.148
-6.585
-2.052
-1.844
-0.793
-0.204
-2.156
-0.324
-1.106
-1.103
2.374
4.927
-1.303
-0.761
-0.221
-0.570
-0.642
-1.400
0.477
-0.131
0.199
3.170
1.162
-5.140
-0.485
-0.153
-0.970
-3.008
-0.032
-0.932
-2.390
-5.597
7.697
-0.533
0.660
0.625
7.936
-0.755
-0.679
-4.850
7.983
-2.513
0.488
-1.115
-0.327
0.863
-0.870
-0.151
0.288
0.195
-0.367
2.258
-5.878
-1.586
0.853
-0.193
-0.215
-3.416
0.172
-0.176
0.647
-5.314
-4.438
-0.415
-1.420
-0.300
-6.567
-0.447
0.069
-4.107
-8.166
-4.717
-0.701
-0.828
-1.448
-0.049
-0.320
0.618
-0.644
-0.823
-1.158
-0.078
-6.948
4.955
0.062
-1.323
0.512
3.959
-0.132
-0.395
-0.517
7.481
-0.099
0.705
-0.178
-0.460
4.780
-0.864
-1.844
10.214
-2.654
7.190
-0.595
-0.027
-0.080
-0.607
-0.135
-0.341
-0.219
-0.678
-0.061
-1.079
-14.639
1.194
-0.647
-1.201
-0.693
5.264
-0.404
-0.553
-0.342
-2.374
7.374
-0.886
0.437
-0.865
8.223
0.513
-1.175
0.083
-9.173
-6.815
-0.173
0.043
0.287
0.058
-0.067
-0.170
0.836
0.285
-0.425
-3.716
5.275
-3.596
-0.674
-0.090
-0.776
-5.559
-0.779
-0.476
4.248
-3.486
-1.039
-0.467
