0.434
-0.778
-5.271
-0.627
-4.766
-1.128
-1.519
-1.436
-1.784
0.763
-0.764
-1.018
-5.138
-0.925
-0.330
-2.830
-0.478
6.239
-3.651
-5.996
-1.930
0.513
0.690
-1.697
-2.348
-0.831
4.909
-2.519
-0.713
-0.952
0.830
-1.250
-3.789
0.705
-2.522
-1.429
0.077
-1.330
-2.230
0.196
-0.702
-0.816
-3.653
-0.419
-0.948
-1.897
-0.772
-2.033
8.317
2.462
-1.909
0.457
-0.382
-1.401
-0.786
-1.164
-2.587
-2.711
0.323
-0.559
-1.546
-0.653
-3.705
-0.583
-4.112
-1.072
-0.987
0.381
-1.007
0.211
-0.491
0.345
-0.669
-0.189
-0.649
-0.858
0.535
-0.725
-5.317
1.615
-0.258
4.801
-8.878
-0.078
-0.863
-0.740
4.585
0.175
0.725
-1.332
-0.703
0.583
-2.165
-0.053
-2.536
-0.181
-0.307
1.107
-0.633
-0.281
-0.840
-0.165
4.971
0.683
0.886
-0.058
0.112
-0.587
0.828
-2.055
-1.334
-0.857
-1.735
0.562
0.317
-0.542
-0.956
-1.081
-0.600
1.939
0.644
-0.207
-2.004
-0.985
5.027
-0.491
-0.108
-0.360
-0.769
-0.991
0.569
0.424
-0.415
-0.345
-0.475
-0.249
-1.033
-1.733
-0.321
-3.328
-0.178
-4.464
-0.147
-0.450
-0.807
-0.693
-2.007
-1.572
-0.139
-0.031
-1.090
-0.627
-2.200
-0.967
-1.721
-0.593
-0.139
0.353
-0.125
0.291
0.285
-0.037
-0.503
-0.100
-0.104
-0.896
0.243
-0.688
-0.423
-1.173
0.211
-2.270
-1.775
-0.754
-0.390
-0.280
-1.956
-0.819
0.853
-0.841
0.287
-0.017
-1.492
0.960
-2.049
-0.906
-0.315
-1.553
-2.075
-0.446
0.317
-0.259
-0.098
-0.166
-0.425
-0.167
-0.753
-0.161
-0.575
-1.429
-0.413
-1.787
-1.656
-1.366
-0.675
-0.975
-1.849
-0.855
-0.613
0.246
-0.820
-0.725
-1.826
-0.699
-0.969
-0.108
-0.368
-0.484
-0.246
-0.829
-0.512
-0.422
-0.277
-0.746
-0.292
-0.540
-0.495
-0.762
-0.936
-0.802
-0.276
-1.680
-1.669
0.011
0.044
-0.419
-2.221
-0.570
-0.916
-0.286
-1.076
-1.417
-0.793
-0.281
0.340
-0.781
-0.777
-0.511
-1.413
-0.846
-0.761
-1.331
-1.369
-0.408
-0.220
0.332
-0.041
-1.880
-6.658
-3.492
-0.445
2.552
2.982
-0.395
-0.803
0.067
-8.945
0.276
0.697
-1.252
