-3.259
-0.532
-3.045
-0.695
-0.100
-1.270
-0.548
-1.190
0.193
-0.678
-0.257
-0.015
-1.605
-0.824
-1.716
1.971
4.037
-0.544
-0.629
-0.102
-2.235
-0.110
-0.865
1.928
3.983
-0.063
-1.389
-4.684
0.657
-1.754
-1.014
-0.418
2.850
0.152
-0.286
-1.655
-3.855
0.165
-0.710
0.464
0.825
-0.506
-2.476
-0.380
-3.128
-5.811
2.386
3.049
-0.776
-0.274
-0.321
-0.054
-0.410
-4.639
4.350
0.011
-1.256
0.358
0.206
-1.887
-3.825
-5.731
-3.312
-4.987
-3.252
1.553
-3.194
0.183
-0.615
-0.791
-1.054
-0.711
6.372
-4.572
0.256
6.360
3.198
-0.217
-0.456
-0.934
-0.724
-1.151
0.109
-3.517
-1.167
-8.356
0.269
-7.762
-0.123
-3.486
-0.289
-4.905
-3.117
2.125
-1.475
1.566
-0.430
-1.313
-6.620
-2.969
1.718
-0.166
-7.298
-3.546
-0.520
6.621
2.261
-0.093
-0.921
-0.829
-1.111
-1.056
-0.305
1.560
-0.018
-0.691
-0.473
-2.004
0.433
3.011
-2.094
-2.923
-2.388
0.881
-1.101
-6.909
-0.226
0.234
-3.667
-5.287
0.027
-0.259
1.798
-1.639
3.910
-2.493
1.431
-1.097
-0.539
0.702
-0.164
-0.435
0.070
-1.017
-3.200
6.272
-0.416
0.701
5.006
0.224
-1.599
5.818
-2.131
-0.170
-1.848
1.075
-0.416
-0.695
-6.950
0.622
0.837
-0.647
-4.669
4.950
1.155
0.977
2.812
-2.546
-0.823
-0.279
-0.737
-0.149
0.094
-1.331
-2.055
-1.551
0.231
-0.765
6.270
-1.434
-0.479
-0.165
0.063
-2.798
-0.878
-1.029
3.660
-0.424
-1.966
0.779
-0.564
-0.508
0.016
-0.465
0.043
-3.765
0.702
-3.207
-0.043
-0.400
-1.097
0.033
-0.325
3.503
-1.320
-0.137
-1.164
2.366
-0.892
1.376
-0.252
8.528
-3.732
0.103
-1.856
2.632
-1.357
0.568
-8.551
-3.586
-3.770
-0.720
3.921
-4.349
0.401
-0.652
-5.017
-0.796
0.403
-0.615
-0.602
0.398
-0.994
0.088
-2.026
-1.656
-0.446
2.387
-3.450
2.338
-2.656
-0.541
-2.183
2.395
-1.051
-0.415
-0.392
-0.762
3.231
6.195
3.435
-0.542
3.361
-5.742
1.573
-4.214
0.373
-1.138
-0.727
-0.395
-0.063
-0.791
-0.042
-2.950
-5.375
-3.027
0.185
0.118
2.073
-0.991
