3.642
0.058
1.296
-1.217
-0.771
-0.308
-0.438
-0.295
-0.761
-1.057
-4.836
-0.609
1.682
3.018
-2.125
-0.010
0.247
0.052
-0.474
-5.726
0.347
0.529
-0.917
-0.207
0.136
-4.439
-2.331
0.086
-4.434
-1.699
-5.750
-1.064
1.661
-0.654
-0.818
-0.995
0.412
-0.494
-3.604
-0.586
-2.262
0.120
-1.744
3.741
-5.724
-0.553
-0.127
-0.923
-0.237
-5.115
0.462
-0.687
-0.242
-0.586
3.671
-5.785
-2.057
-0.560
2.180
2.671
-3.362
-0.337
-0.572
-0.378
-1.010
-1.311
-0.484
-0.433
0.219
0.020
1.207
-4.365
8.267
-0.303
-1.340
-0.084
-0.592
0.357
-0.508
-6.574
-0.041
-1.477
-0.844
-0.985
-5.694
3.955
-1.376
-0.394
1.854
-6.240
1.863
-0.172
-0.630
-0.279
-2.638
-0.240
-0.184
1.219
-2.166
-0.426
3.284
-2.219
4.985
-6.658
-4.277
0.037
-0.564
-0.654
-0.974
4.568
-0.826
-0.423
0.096
-0.669
2.320
2.688
-5.414
0.482
3.970
-3.887
-4.071
-0.561
-0.789
-0.401
-0.094
-2.054
-0.688
-0.056
-0.913
0.453
-4.537
-2.639
0.997
-5.721
3.417
-0.372
0.159
-0.574
0.013
0.043
-0.478
0.893
0.180
0.233
-6.377
0.606
4.415
-1.024
-4.114
-0.268
-4.639
-0.382
-0.556
-0.365
-0.727
1.894
-0.765
-1.282
0.689
-0.288
1.110
1.889
-2.455
-6.453
-0.397
-0.230
-0.254
-0.864
-0.703
4.135
-0.287
-2.626
-0.194
-0.491
3.158
2.891
6.218
-0.264
-4.707
1.327
3.113
-0.375
0.302
0.070
-0.003
-0.485
-0.497
-0.309
2.309
-0.287
-0.585
-3.323
-0.965
0.612
-6.587
-0.490
-0.847
-0.004
-0.481
-0.709
-0.919
0.610
-0.065
-0.347
0.295
-5.888
-1.191
-0.686
3.534
1.985
-4.580
-0.585
-0.193
-0.314
-0.901
0.136
0.519
-0.590
2.152
-0.358
-0.535
-2.795
-0.427
3.372
1.079
-0.609
0.479
-0.858
0.376
2.041
-0.913
-2.520
-0.649
0.040
-1.530
2.224
4.651
-1.013
-4.984
-3.417
-2.155
0.105
-1.124
-0.600
-0.899
-0.995
-0.502
-0.123
-3.590
-0.839
3.137
-3.303
-8.389
1.871
-3.697
0.052
-0.289
-0.273
-0.206
1.073
0.388
-0.020
-0.459
-0.386
-2.707
4.634
-4.001
-0.044
2.757
-0.991
