0.041
-0.042
-2.144
-0.028
-0.663
3.478
-0.805
-3.956
-1.337
-1.104
-0.181
-0.013
-0.039
-0.909
-1.516
-0.765
2.880
-2.352
0.489
-0.379
1.708
-0.676
-1.120
-0.492
2.044
-0.632
0.817
-0.021
0.101
-3.520
-3.069
-1.795
0.636
-2.875
-1.292
3.253
-1.400
-1.405
-2.354
0.917
-0.541
-0.048
-0.750
-0.197
3.294
-0.754
-2.523
-0.758
2.828
-0.171
1.250
0.015
-1.036
-0.665
1.466
-1.047
-0.429
-0.986
-0.639
1.096
-0.903
-1.834
0.487
-1.950
0.274
-3.699
-0.656
1.911
-0.439
-0.189
-0.011
0.372
-0.208
-0.260
-0.089
0.198
1.546
0.189
-0.985
-0.103
2.882
-0.385
1.418
-0.704
1.494
-2.606
0.034
-0.970
-1.370
0.118
-0.303
0.428
-1.585
0.496
-0.119
0.049
-0.827
-1.623
-1.181
0.074
-0.923
-0.535
-1.007
-0.231
-4.700
-1.203
-0.331
1.607
-0.528
-0.644
0.136
0.065
-0.550
-0.880
1.635
1.640
1.006
-3.044
-2.166
-0.119
-1.734
-3.376
-2.279
-0.150
-2.415
-3.767
-0.352
-0.991
0.933
-0.555
-0.489
-0.438
-0.604
0.007
0.145
-1.045
0.819
0.125
4.180
-0.552
0.019
-0.050
-1.922
2.027
-1.390
-0.777
1.637
-1.064
-1.814
-2.213
-0.202
-2.526
0.388
-1.121
-1.633
-2.571
-0.513
-1.475
-0.211
0.101
-0.057
-1.064
-0.957
-0.881
0.764
-0.369
1.597
1.028
0.509
0.229
0.761
-1.035
-1.951
0.202
1.200
0.864
-1.696
-1.531
-2.268
-1.366
-1.426
-2.014
-2.896
0.509
-0.680
2.280
-0.115
2.519
-1.806
-1.705
-0.104
-0.217
0.511
0.267
0.289
0.524
2.350
-2.005
-1.215
-0.466
3.339
-0.789
-2.443
-0.129
-0.752
-1.258
1.917
-0.322
-1.775
3.576
-1.276
-0.905
2.134
-1.310
-1.297
-3.927
-0.610
-3.170
2.132
-2.296
-0.698
0.239
-0.585
0.095
-2.830
-0.956
2.945
1.390
-2.992
-0.126
-4.147
-0.140
5.753
1.737
-3.053
-3.582
1.390
-0.561
2.681
-1.317
-3.191
1.313
0.056
-1.202
-0.358
0.608
-0.335
-1.257
-1.696
0.652
0.342
-0.673
-0.140
-0.156
-1.206
0.012
-0.842
-2.816
-2.727
-0.391
-1.585
-0.298
-4.152
2.431
1.261
0.596
2.751
-0.431
-1.006
-3.963
