-0.498
-2.146
-7.646
-0.121
4.110
-0.531
-1.862
-1.713
-0.402
-5.729
-0.570
4.349
-3.232
-0.306
-0.512
-0.397
-2.327
-1.255
-0.086
-0.844
3.344
-4.775
-0.147
-1.462
-0.065
-0.886
-1.838
2.445
3.212
-0.425
-0.751
-4.097
-11.491
-0.982
-2.206
-0.852
-5.920
-6.018
-0.072
6.880
-0.381
-5.410
-2.759
-1.096
-1.269
1.771
-2.199
-0.074
-1.165
-0.781
-2.169
5.855
-0.972
-0.245
3.155
-0.891
1.465
3.756
3.770
-1.058
1.652
13.466
5.617
-0.207
-7.233
-3.726
-6.299
-7.940
1.370
7.742
-0.529
9.067
5.984
-0.158
-10.749
-2.489
-4.835
-0.729
0.288
-0.160
3.046
4.142
-2.574
-1.132
-1.744
-0.458
-0.274
0.249
4.394
-0.302
-0.601
-2.783
5.896
-0.005
-2.316
-1.135
0.951
-0.757
-0.447
-4.531
-5.337
-6.937
-4.348
-0.890
-7.189
3.121
-0.919
-0.345
-0.520
-0.788
-6.473
-7.856
-3.615
-0.446
-0.274
-0.807
0.466
4.889
5.095
-0.827
-1.375
-3.268
6.177
-0.572
0.957
-0.882
3.303
-0.728
-1.956
-7.180
0.210
8.709
2.796
-3.385
9.442
1.529
-1.471
-0.810
-0.880
-0.856
0.256
1.019
-3.910
-0.943
-1.096
-0.395
-3.106
-6.032
-3.838
-0.859
0.271
1.067
3.751
-0.641
5.347
-1.448
-3.647
-5.942
-0.267
-4.656
-0.746
-6.758
-4.216
0.435
2.035
-4.837
-3.248
-0.426
-0.552
-0.685
5.942
-2.142
-0.452
-0.947
-0.790
-0.705
-5.724
-9.477
6.413
0.180
-0.452
-1.683
-5.941
-0.831
0.101
0.272
2.976
3.245
-0.480
0.582
-1.563
4.548
-3.711
-0.861
-1.067
1.910
5.769
-0.935
-0.343
-1.644
4.373
5.407
0.296
-0.278
-1.934
-0.017
-2.771
-2.596
-4.156
-0.910
-0.444
-9.174
3.469
-0.303
-0.283
-0.222
-7.162
-2.991
-0.726
-4.063
4.814
-8.649
7.232
-2.506
-6.261
-1.974
2.181
0.261
-0.729
-0.622
-2.505
-1.323
-0.035
-0.826
-0.631
0.342
-7.887
7.414
-1.784
0.042
-0.380
-1.031
3.495
-0.586
-3.899
-1.219
-3.551
4.527
-0.505
5.421
-0.318
-5.719
-7.127
-0.586
0.390
2.380
-2.587
-1.349
-0.414
-0.624
-2.282
5.007
-1.316
-0.328
-1.731
-0.008
-1.887
-7.436
-5.128
-0.132
