0.321
-0.598
-1.239
-0.239
-2.707
-1.720
-3.875
-4.278
2.153
-2.074
-1.790
-1.889
-0.637
4.044
-4.718
-1.084
-3.076
-0.267
2.465
-4.904
-1.032
5.077
-4.389
2.280
-0.460
-0.541
-0.101
-0.769
-0.353
-0.557
2.680
-1.376
-1.404
-0.618
-4.373
-0.977
-6.301
3.362
-5.318
-2.852
-1.345
-0.437
-0.308
-2.496
-3.170
-1.757
-0.201
0.259
0.659
7.388
-0.323
-0.590
-3.013
6.118
-0.879
-0.566
-3.042
-0.773
-1.355
-1.357
0.042
0.304
-2.011
-3.937
-1.755
3.907
1.079
0.902
6.127
-0.803
-1.707
-1.284
0.149
3.239
-2.358
-2.416
-2.406
3.493
-2.911
2.191
-1.848
2.521
2.119
0.141
-0.750
-0.519
-0.375
-0.587
0.777
-0.282
-2.962
0.340
5.234
6.912
-3.078
-3.705
-4.169
1.618
-10.014
-1.853
-0.063
-0.036
-0.549
6.669
-7.789
-2.815
-1.648
-5.297
-10.009
0.139
-0.358
-1.031
-8.031
-5.439
0.404
-0.553
-10.181
-0.590
-1.007
-1.533
7.609
-0.736
-3.413
-1.369
-3.302
-0.740
1.493
-4.194
-3.798
-1.453
-0.799
-1.544
-0.973
-0.136
-4.990
0.429
-2.518
-2.550
-4.539
-5.229
-1.208
-1.273
6.382
-5.519
-3.832
0.023
-6.713
-0.841
-0.541
-0.063
-0.500
-0.714
-6.088
-7.730
2.827
-5.656
5.349
6.298
-3.964
-2.425
-0.669
0.021
-0.037
0.160
-9.296
0.008
-1.604
0.462
-5.936
-8.716
-0.925
-0.746
-0.502
-3.149
-0.954
-0.245
-5.261
-0.006
-0.695
-0.769
3.872
-1.105
-3.702
-0.627
-2.384
-1.580
-2.545
1.992
3.279
-5.007
-1.374
-0.704
-0.521
-3.320
4.675
-0.544
-0.623
-9.698
1.661
3.117
-3.920
-1.156
-6.361
1.174
-0.321
-0.662
0.182
-0.485
-0.550
-0.535
-3.846
-0.312
-6.302
4.375
1.565
6.943
5.082
-1.307
-4.621
-2.272
-1.484
-1.143
-0.773
-3.170
-5.088
-3.955
-1.455
-9.174
5.275
1.731
-0.829
-1.555
4.266
-6.192
-0.870
-0.099
-5.736
-1.582
-1.634
-0.554
-7.083
-0.183
4.070
-7.187
-1.641
-4.201
4.938
4.147
-3.917
-2.958
-1.102
0.033
-0.801
-7.632
8.604
-3.156
-2.337
1.235
-7.999
7.169
-0.572
-0.741
-1.055
-5.138
-2.003
-1.161
-3.062
-1.128
-1.123
-1.407
