-5.677
3.169
-0.410
-3.933
-5.248
-0.496
-0.184
-0.624
-0.026
-0.110
-1.426
-2.779
-2.937
-0.495
-3.316
2.989
-0.445
-0.603
5.037
-2.979
-4.962
-0.335
-4.679
-1.087
-2.382
-0.897
-2.522
-0.480
-2.158
3.449
-3.929
-4.654
-0.270
-2.304
0.659
-0.925
-0.245
-0.219
-0.605
-2.099
-0.388
0.016
-2.076
-0.238
-3.093
3.819
0.221
-0.619
-6.465
-3.020
2.128
0.142
2.748
-0.869
-8.845
-1.994
0.485
-1.329
-4.957
2.293
-4.305
-1.292
-0.898
-2.971
2.217
-0.927
-0.925
-0.367
-3.637
-4.379
-4.437
-1.645
5.367
-0.415
-1.288
0.099
-0.484
-0.654
1.489
-0.802
1.722
-0.464
0.034
-0.232
-2.549
4.000
-3.687
1.816
-3.927
-0.975
-2.801
6.135
0.048
4.148
-3.702
1.647
0.115
-0.317
-1.266
-1.686
-2.060
-1.903
-1.996
0.160
0.347
-3.333
-0.601
-0.858
0.462
-0.781
-2.053
0.186
-3.129
1.183
0.214
-0.193
2.189
4.327
3.503
0.651
0.958
-1.445
-1.172
-1.382
-3.053
3.535
-0.726
-0.420
1.560
5.336
-4.714
-0.032
-2.151
-0.429
-1.520
4.635
0.614
-0.687
-0.624
4.401
1.809
0.329
1.113
0.093
-0.591
-0.104
-2.031
-3.429
-2.773
-0.158
4.555
-2.162
-0.551
-2.014
-2.482
-2.953
-0.547
-0.832
2.932
0.617
4.364
-0.408
-0.826
-0.520
5.713
-3.797
-0.561
-0.894
1.194
-1.412
1.920
-1.040
-3.232
-0.205
-0.426
-0.960
0.858
-3.691
-2.479
-0.645
-4.457
-3.249
-1.097
-3.034
0.320
-0.855
-0.074
-0.614
-4.322
-1.223
-0.179
-1.590
-1.881
-0.949
-4.532
2.283
-0.155
-0.996
-4.159
0.051
-1.794
-1.122
-3.988
-0.444
4.820
-1.023
4.334
0.064
-1.116
0.130
0.578
-2.149
-0.162
1.013
3.153
-0.169
-0.779
0.079
0.043
0.322
1.414
-1.643
-1.398
0.132
5.033
-3.418
-0.609
-1.061
0.359
-2.169
-1.150
-1.058
0.686
-0.612
-2.283
1.816
1.165
-4.396
2.613
-2.066
-1.144
-3.165
-0.045
6.146
-3.389
0.472
-1.082
-1.283
-2.652
0.123
-2.471
-1.360
-1.667
-0.009
-0.788
2.101
-1.081
2.823
-1.881
-2.606
2.744
-0.091
1.818
-1.031
-0.767
0.684
-5.688
0.438
4.234
-0.721
