3.838
-0.807
-0.713
1.508
-0.529
-0.408
-1.495
-1.117
0.129
0.181
-0.850
0.196
-1.339
-0.742
0.138
-0.171
-1.195
-0.450
2.716
0.186
0.546
-0.964
-0.019
-0.461
-0.432
-1.777
-0.719
-1.023
0.191
-0.537
3.739
-0.962
-1.029
0.204
-0.167
-1.114
-2.290
-1.216
-2.692
-1.233
-0.891
-4.243
-3.532
-0.711
-0.383
-0.745
-2.711
-1.669
-3.150
-1.759
0.132
-0.989
-0.215
-0.898
1.123
-3.972
-1.522
-0.066
-3.135
-1.273
-2.731
-0.329
0.037
1.683
-0.368
0.115
-0.518
-0.432
-1.171
-1.172
-1.715
-2.844
-2.918
-0.739
0.414
-0.976
-0.204
-1.055
1.202
-0.484
3.938
-0.857
0.056
-0.076
-0.731
4.334
4.966
-1.044
-1.237
-0.485
0.410
0.543
-1.283
-1.566
0.605
-0.996
1.336
2.852
-2.144
0.322
3.781
4.129
-0.951
-0.841
-0.397
0.193
-0.728
-2.825
-0.428
0.157
-0.484
-0.635
-0.758
-0.446
-0.030
-1.844
0.809
0.540
-2.867
0.264
0.739
-2.512
0.289
3.216
-0.786
-0.377
3.541
-0.380
1.372
-0.923
-4.747
0.435
-2.143
-0.401
-1.258
0.123
-0.604
-2.110
-0.538
-0.976
0.087
0.368
-0.098
-0.765
-0.337
-2.749
-2.833
-0.215
-1.608
-0.435
-0.445
-2.419
1.040
2.234
-0.618
-1.069
1.053
-0.969
-1.934
-0.807
3.614
-1.757
2.526
0.059
-0.549
-0.684
-0.765
2.721
-1.510
-1.320
-3.144
-1.052
-0.311
1.890
-0.319
-0.618
0.102
-0.947
-1.259
-1.200
-2.972
1.021
-0.596
-1.702
-0.425
0.004
-0.654
-1.151
-0.931
-0.812
-1.243
1.046
-3.302
-0.606
0.131
-0.744
-2.441
1.790
-3.472
-1.821
1.403
0.360
0.254
-0.301
-0.451
-2.180
-0.887
-0.185
2.374
-0.823
-0.713
-1.430
1.732
-4.184
0.070
1.118
-0.736
-1.204
0.791
-0.401
1.440
-2.285
1.719
0.498
0.027
0.600
3.004
-2.233
2.250
-0.803
-4.184
-0.133
-0.932
-1.122
0.295
0.907
1.323
-0.659
-1.168
0.449
0.467
0.708
-1.119
-2.386
-0.145
0.026
-5.023
-1.095
0.453
-0.716
-1.463
-0.653
4.680
-0.286
-0.690
-0.617
-2.043
-0.219
-3.433
1.121
-2.679
-0.129
-1.087
-0.717
-0.230
-0.459
-3.749
0.116
-0.458
-0.086
