0.281
-0.848
-0.958
0.034
0.297
0.056
-0.521
-0.316
0.426
-0.481
-0.554
-0.472
-1.000
-0.290
-0.045
0.600
-0.105
-0.867
-0.897
-0.424
-0.635
-0.670
-0.698
-0.785
0.651
-0.268
-0.430
-0.898
-0.900
0.351
0.472
0.578
0.329
-0.570
-0.298
-0.563
0.083
-0.986
-0.957
-0.733
0.049
-0.386
-0.826
-1.026
0.426
-0.587
0.110
-0.690
-0.364
-0.986
-0.829
0.061
-0.194
-0.314
-0.301
-0.433
-0.709
-0.187
0.189
0.263
0.104
0.317
-0.586
0.598
0.376
-0.027
-0.162
0.150
-0.053
0.115
-0.346
-1.072
-0.783
-0.149
-0.975
-0.179
-0.652
-0.203
0.942
-0.170
-0.897
0.039
-0.863
-0.182
0.806
-1.491
-0.775
-0.254
0.195
-0.577
-0.222
-1.198
-0.424
-0.797
-0.220
0.565
-0.043
-0.629
-0.438
-0.006
-1.452
0.063
0.407
-0.245
0.165
-0.317
0.266
-1.348
-0.151
-0.257
0.184
-0.978
-0.156
-0.926
-1.082
-0.081
0.209
-0.330
0.060
-0.089
-0.685
-0.068
-0.582
-0.423
-0.293
-0.714
-0.905
-0.066
0.053
0.087
0.351
-0.217
-0.117
-0.041
-0.778
-0.328
-0.242
-1.182
-1.201
-1.012
-0.353
-0.914
-0.155
-0.570
-0.813
-0.285
-0.149
-0.364
-0.266
-0.703
0.786
0.473
-1.026
-0.604
-0.343
-0.502
-0.287
-0.834
-0.999
-0.429
-0.873
-0.089
-0.270
0.168
0.304
0.553
-0.441
-1.392
0.464
-0.263
0.514
0.757
-0.502
-0.391
-0.918
-0.593
-0.931
0.479
-0.761
-0.508
-0.863
-0.864
0.530
-0.428
-0.200
-0.952
0.505
0.193
-1.031
-0.481
-0.980
0.199
0.195
0.539
-0.320
0.014
-0.770
-0.468
-0.237
0.331
0.263
-0.217
-0.819
-0.951
0.047
-0.137
-0.336
-0.307
0.525
0.019
-0.943
0.378
-0.635
-0.164
-0.294
-0.424
-0.313
-1.072
-0.215
-0.142
-1.000
-0.842
-0.031
0.573
-0.023
-0.713
-0.493
-1.324
0.310
-0.893
-0.869
-0.716
-0.516
-0.851
0.503
-1.128
0.504
-0.385
-0.730
-0.201
-0.802
-0.834
0.735
-0.070
0.035
-0.606
0.570
-0.307
-0.013
-0.554
-0.185
0.141
-0.886
-0.423
-0.690
-0.586
0.038
-1.414
0.643
0.156
0.095
-1.064
-1.308
-0.111
0.472
-1.348
0.331
-0.769
-0.527
-0.647
