0.983
-0.638
-0.179
4.140
1.873
-1.108
-4.424
-1.760
-0.318
-0.413
-5.018
5.737
-0.278
2.708
1.636
0.271
-1.128
-0.090
-0.712
-4.438
-0.434
-0.720
3.866
-1.225
-2.159
0.240
-0.121
-0.342
-0.323
0.142
-0.094
-1.567
-1.086
-1.481
-4.433
2.292
0.906
1.560
-1.328
-0.942
4.478
5.895
-1.769
2.863
1.301
0.919
-0.164
-1.262
-2.658
2.868
-0.653
4.040
-1.300
-3.842
-3.058
0.945
-0.087
-0.858
-0.816
-0.806
0.511
-1.749
-2.003
4.010
-0.859
3.324
-1.386
-1.500
2.104
-0.558
-3.117
-4.131
-2.412
5.643
4.141
-0.117
-0.893
-2.494
-0.696
-1.942
-0.499
-3.043
-5.217
-5.308
0.014
-1.055
-0.922
-1.271
-1.416
-0.730
0.923
2.675
-1.657
-2.041
2.480
-2.822
-1.105
-1.797
-1.043
-1.182
3.461
-6.852
-2.634
3.563
3.289
4.169
0.216
4.141
-2.982
-2.242
-0.798
-3.162
2.056
1.708
-3.897
1.720
-1.004
-1.277
0.035
-0.727
-1.213
-1.125
-1.894
3.713
1.513
-5.910
0.766
-1.611
-0.274
-0.070
4.998
0.277
-1.656
-5.678
1.850
3.329
0.215
-1.254
2.789
-1.426
-0.084
-3.420
-4.184
-4.108
-2.159
-0.522
-0.057
-0.064
1.505
0.394
0.309
-1.555
-0.521
-3.430
3.221
-1.128
-1.216
-0.889
-0.803
0.232
1.404
-2.791
-5.705
-4.124
3.593
-6.655
-0.380
-2.445
-1.733
-2.012
-0.619
4.927
-3.695
3.361
-4.417
2.935
-0.484
7.109
-0.110
-0.924
1.954
-0.557
-0.768
-3.639
4.024
-1.816
-1.287
0.543
-1.221
-0.224
-1.207
3.736
3.746
2.237
-2.241
-2.567
-0.173
-0.209
0.099
4.177
0.459
2.358
-2.337
-1.438
-4.565
-4.147
-0.974
0.469
-0.689
-0.985
-0.063
-1.370
-2.069
-6.014
0.622
0.031
3.220
-1.350
-0.292
-0.628
3.131
-2.066
-2.223
-4.521
4.402
-0.008
-0.726
-1.882
-0.860
-1.671
2.503
0.513
0.440
2.064
3.550
-1.513
-0.099
-1.056
-1.143
-0.046
-0.121
-2.125
-1.860
-2.646
7.327
-2.085
1.274
-1.529
-0.566
0.102
-3.045
-4.607
4.727
3.186
-6.097
-4.505
-0.474
-2.873
-2.432
-6.448
-0.424
-0.533
-3.913
-2.520
-5.206
1.662
-0.094
-0.520
-0.363
-1.089
